47.09805
72.69772
21.456991
55.797356
33.65532
53.90805
54.27364
28.744177
23.819592
50.61367
42.18386
72.469635
31.25494
31.24711
54.332584
37.280754
52.28331
32.63814
43.18669
76.8744
69.37019
74.56783
23.283066
50.857136
39.661926
42.776325
59.292713
59.691635
32.47716
24.418194
38.018013
38.308388
81.907906
56.893597
44.22572
18.73058
56.24025
35.99818
48.69042
30.02319
40.446915
20.536915
23.099642
18.225744
34.81314
31.322262
46.19374
34.045013
106.144585
2.5870624
23.298403
87.76146
72.872406
76.38009
22.825592
44.340332
98.119705
78.25625
45.074314
27.881968
45.16683
25.287882
44.730766
43.50967
38.21281
40.654995
39.731064
55.13274
46.32767
75.73734
34.111485
118.87531
52.81407
42.53563
41.56595
49.036274
35.138306
89.47851
2.9161613
78.41437
38.170734
62.63265
36.468266
55.38758
15.005487
86.733185
2.202043
52.104336
16.21509
47.793312
69.5958
61.15997
75.59836
39.938236
38.758045
50.552734
57.198494
25.056215
108.530912
63.3435
